 scale | workers | caching  | cnt | timing_no_jit | timing_jit_off | timing_jit_on | pct_jit_off | pct_jit_on 
-------+---------+----------+-----+---------------+----------------+---------------+-------------+------------
     1 |       0 | cached   |  22 |         20003 |          19904 |         20319 |         100 |        102
     1 |       0 | uncached |  22 |         35671 |          35569 |         36323 |         100 |        102
     1 |       4 | cached   |  22 |         11388 |          11429 |         11842 |         100 |        104
     1 |       4 | uncached |  22 |         27252 |          27828 |         28801 |         102 |        106
    10 |       0 | cached   |  22 |        271622 |         271656 |        244793 |         100 |         90
    10 |       0 | uncached |  22 |        341940 |         341735 |        316634 |         100 |         93
    10 |       4 | cached   |  22 |        162961 |         162285 |        151289 |         100 |         93
    10 |       4 | uncached |  22 |        280150 |         282172 |        277913 |         101 |         99
(8 rows)

