 scale | workers | caching  | cnt | timing_no_jit | timing_jit_off | timing_jit_on | pct_jit_off | pct_jit_on 
-------+---------+----------+-----+---------------+----------------+---------------+-------------+------------
     1 |       0 | cached   |  21 |         19117 |          19116 |         19498 |         100 |        102
     1 |       0 | uncached |  21 |         32568 |          32718 |         33314 |         100 |        102
     1 |       4 | cached   |  20 |         10865 |          10834 |         11159 |         100 |        103
     1 |       4 | uncached |  20 |         25516 |          25825 |         26703 |         101 |        105
    10 |       0 | cached   |  21 |        256552 |         256952 |        230597 |         100 |         90
    10 |       0 | uncached |  21 |        320852 |         320418 |        296661 |         100 |         92
    10 |       4 | cached   |  18 |        139890 |         139291 |        130153 |         100 |         93
    10 |       4 | uncached |  18 |        238548 |         241582 |        240117 |         101 |        101
(8 rows)

